..61„.

schol. Lye. 1040 V 31. VII 10 88.

schol. Lye. 1

3. 4
24
33
47
53
72
73
74
86
87

1123 1311114
1152 vn 19

1163 V 14

1 1180 VII 15

8
9
7
7
4
7 1225 V 31. VH 10 88.
6 1261 71120
6 1303 V 31
6 1328 V 14
7 1331 71135
78. 1349 V 14
88189 88. 1369 7318. 711 4
89 9 1410 VH 20
92 V 7 scholia Nicandri 11 8

«<=«<2«2<2««=

129 733. 71120 schol. Nic. Alex. 618 11 4
148 V 98. scholia Pindari Π 8
153 -7 31. 33. VH 10 88. schol. Pind. Isthm. 1136 VH 29
15688. 7168.31.71114 Nem.I 3 71130
186 71110 4.7 7Π 29
196 7Π 10 7 17 7Π 32
198 71110 'IX 30 71129
2021203 710 Χ 3 7Π 29
212 7 29. 7Π 20 8. 112 7 20. 24. 26
’219 II 6 0111 45 VH 35
’ 288 714 ΠΙ 46 7Π 29
291 7108. 54 71134 8.
326-29 711 7 42 71137
389 711 71134 7Π 29
395 711 . 149 71139
431 7 17. 31. VII 14 158 VH 29
433 88. 715 88. 7111 19 71129
449 71531. 33. 711 11 8. XI 55 7Π 29
459 7 30 XHI 90 7Π 37
469 7 31 Pyth.11 13 71129
519 7Π 20 17 28 7Η 32 s.
522 730 246 71134·
535-543 7 28 s. 29 7106 71136 .
546 7 28 VIII 89 7Π 32 8.
548 721 8. 28 schol. Plat. Eryx. 392Α 11 4
553 7 27. 28 scholia Theocriti II 8
562 7 15 schol. Theoer. V 83 7112836
610 7 31 schol. Verg. Aen. XI 532 Π 5
662 7Π 20 Socrates Cous 11 12. VH38. 4344
663 7 31. 33 Sosibius Laco HI 6. 12. 17 3.
680 7 31 7119. 21. 23 88.
710 71119 Staphylus IV 3. 7Π 4
722 715 Stephanus ad Aristol.
786 VH 19 rhet. 11 23 V 22

936 711 16 Suidas ἀγκυλομῆται 16. 7

 

